<?xml version="1.0" encoding="utf-8"?>
<opencv_storage>
   <IntrinsicMatrix_right type_id="opencv-matrix">
      <rows>3</rows>
      <cols>3</cols>
      <dt>d</dt>
      <data>1139.30950514  0.00000000  648.95382247  0.00000000  1135.66052819  485.02322134  0.00000000  0.00000000  1.00000000  </data>
   </IntrinsicMatrix_right>
</opencv_storage>