<?xml version="1.0" encoding="utf-8"?>
<opencv_storage>
   <IntrinsicMatrix_left type_id="opencv-matrix">
      <rows>3</rows>
      <cols>3</cols>
      <dt>d</dt>
      <data>1150.96520619  0.00000000  566.82739051  0.00000000  1148.23163638  459.93509031  0.00000000  0.00000000  1.00000000  </data>
   </IntrinsicMatrix_left>
</opencv_storage>