<?xml version="1.0" encoding="utf-8"?>
<opencv_storage>
   <Pr type_id="opencv-matrix">
      <rows>3</rows>
      <cols>4</cols>
      <dt>d</dt>
      <data>1141.94608228  0.00000000  606.10649043  -180780.77651645  0.00000000  1141.94608228  470.76888035  0.00000000  0.00000000  0.00000000  1.00000000  0.00000000  </data>
   </Pr>
</opencv_storage>