<?xml version="1.0"?>
<opencv_storage>
<Q type_id="opencv-matrix">
  <rows>4</rows>
  <cols>4</cols>
  <dt>d</dt>
  <data>
    1. 0. 0. -6.0642528533935547e+02 0. 1. 0. -4.7100389862060547e+02 0.
    0. 0. 1.1419460822850001e+03 0. 0. 6.3165235142615883e-03 0.</data></Q>
</opencv_storage>
