<?xml version="1.0" encoding="utf-8"?>
<opencv_storage>
   <Rl type_id="opencv-matrix">
      <rows>3</rows>
      <cols>3</cols>
      <dt>d</dt>
      <data>0.99994399  0.00566509  -0.00894005  -0.00576325  0.99992296  -0.01099325  0.00887708  0.01104416  0.99989961  </data>
   </Rl>
</opencv_storage>