<?xml version="1.0" encoding="utf-8"?>
<opencv_storage>
   <Rr type_id="opencv-matrix">
      <rows>3</rows>
      <cols>3</cols>
      <dt>d</dt>
      <data>0.99985362  0.01028608  0.01367277  -0.01043638  0.99988540  0.01096683  -0.01355840  -0.01110792  0.99984638  </data>
   </Rr>
</opencv_storage>