<?xml version="1.0"?>
<opencv_storage>
<width>960</width>
<height>720</height>
<board_width>10</board_width>
<board_height>8</board_height>
<nFrames>20</nFrames>
<cameraMatrix1 type_id="opencv-matrix">
  <rows>3</rows>
  <cols>3</cols>
  <dt>d</dt>
  <data>
    1.0475849473797680e+03 0. 4.7379178955083876e+02 0.
    1.0512047989958041e+03 3.6407836452939034e+02 0. 0. 1.</data></cameraMatrix1>
<distCoeffs1 type_id="opencv-matrix">
  <rows>5</rows>
  <cols>1</cols>
  <dt>d</dt>
  <data>
    -4.3994753097736711e-01 2.7248117083569784e-01
    2.8806795435956105e-03 -5.0014514005715719e-04 0.</data></distCoeffs1>
<cameraMatrix2 type_id="opencv-matrix">
  <rows>3</rows>
  <cols>3</cols>
  <dt>d</dt>
  <data>
    1.0440174759583902e+03 0. 4.3288383497149152e+02 0.
    1.0476690901772110e+03 3.3676428993966135e+02 0. 0. 1.</data></cameraMatrix2>
<distCoeffs2 type_id="opencv-matrix">
  <rows>5</rows>
  <cols>1</cols>
  <dt>d</dt>
  <data>
    -4.4308047007806822e-01 1.0053214485302125e-01
    1.1449366539884661e-03 -9.0018594416302116e-04 0.</data></distCoeffs2>
<R type_id="opencv-matrix">
  <rows>3</rows>
  <cols>3</cols>
  <dt>d</dt>
  <data>
    9.9992100685683305e-01 1.1604345085236972e-02 4.8289979871539079e-03
    -1.1640575021996166e-02 9.9990379279723995e-01
    7.5433522290441844e-03 -4.7409977404001069e-03
    -7.5989686692921315e-03 9.9995988850332829e-01</data></R>
<T type_id="opencv-matrix">
  <rows>3</rows>
  <cols>1</cols>
  <dt>d</dt>
  <data>
    -7.0094564305339532e+01 4.4247717133491671e-01
    1.7100503983051578e+00</data></T>
<E type_id="opencv-matrix">
  <rows>3</rows>
  <cols>3</cols>
  <dt>d</dt>
  <data>
    1.7808186683388145e-02 -1.7132482493016092e+00
    4.2955991042949832e-01 1.3775971450632771e+00
    -5.1280238310887760e-01 7.0100010537388044e+01
    3.7349881575806598e-01 -7.0092955361167554e+01
    -5.3088470926630171e-01</data></E>
<F type_id="opencv-matrix">
  <rows>3</rows>
  <cols>3</cols>
  <dt>d</dt>
  <data>
    2.1262413516992950e-08 -2.0385204461604597e-06
    1.2693936398095397e-03 1.6390746443860554e-06
    -6.0803481558487458e-07 8.6819116610097904e-02
    -9.5610742938490257e-05 -8.5984471273720914e-02
    9.9999999999999989e-01</data></F>
</opencv_storage>
