<?xml version="1.0"?>
<opencv_storage>
<Q type_id="opencv-matrix">
  <rows>4</rows>
  <cols>4</cols>
  <dt>d</dt>
  <data>
    1. 0. 0. -4.6086489105224609e+02 0. 1. 0. -3.4651602554321289e+02 0.
    0. 0. 1.0494369448816617e+03 0. 0. 1.4261913830729183e-02 0.</data></Q>
</opencv_storage>
