<?xml version="1.0"?>
<opencv_storage>
<Q type_id="opencv-matrix">
  <rows>4</rows>
  <cols>4</cols>
  <dt>d</dt>
  <data>
    1. 0. 0. -4.6086495208740234e+02 0. 1. 0. -3.4651604843139648e+02 0.
    0. 0. 1.0494369445865077e+03 0. 0. 1.4261913833067200e-02 0.</data></Q>
</opencv_storage>
